95584.7
95067.6
102041
97256.8
97214
97532.1
98144.8
97439.6
97831.1
99236.8
98028.4
98150.3
0
98567.3
97972.7
99514.4
98562.9
0
98335.5
97333.3
98084.3
100184
0
101253
97508.2
97322.2
95235.8
97751.4
96169.7
98437.5
99072.1
96141.5
95988.8
98776.8
99912.9
98407.9
96236.7
95121.7
98352.2
97054.4
97297.6
97201.8
99436.9
97411.6
97674.4
97971.8
99198.4
101953
97531.3
99733.2
97291.3
98486.5
96764.2
95809.2
99053.6
101932
98511.8
99010.4
98590.4
97709.1
96152.3
98798.1
95306.8
96932.6
0
96418.3
95426.6
97190.3
96337.1
0
99075.1
98809.3
98704
95900.1
0
97622.1
95397.4
99072.8
98158.9
97668
96087.2
98373.3
97153.9
96924.4
98727
96340.9
95981.4
98350.1
98633.6
98233.6
98306.9
102097
96391.7
98409.8
98708
97610.7
97135.2
98372.9
100198
98758.9
99542.2
98659.4
98648.8
99064.2
98328.7
100334
97427.6
98286.9
96851.1
98080.9
96812.2
97467.5
98402.7
98933.8
99365.5
97181
0
98764.5
98322.4
94770.2
96315.9
0
98224.7
99304.4
98091.2
97931.3
0
100238
98962.8
98171.7
99376.8
96135.8
95888.7
100492
95248.3
101059
99887
99152.6
97684.2
97467.8
98983.6
101593
99611.1
95830.3
96729.3
97016.4
95922.2
100615
95130.2
97135.4
100600
97429.2
98208.8
96269.8
97364.5
97150.2
97271.3
97460.2
97488.1
96916.1
98647.5
97706.8
97619.9
98278.9
94644.6
97267.2
98271.4
96883.3
0
99606.5
96338.1
97877.6
96095.9
0
96770.5
97201.4
98413.3
97455.1
0
97098
98516.3
96318.2
97241.9
98033.1
99212.7
98748.8
97881.5
98465.1
97649.4
102048
97548.6
95727.3
97932.2
99111.2
98426.1
99494.9
96744.2
96014.5
99392.5
97732.4
97631
95908.7
98597.6
98059.9
98025.5
98898.1
99103.6
99543.4
98838.1
96486.8
96280.1
99469.6
100169
97449.4
96767.1
97197.2
95479.7
97193
96979.8
97895
0
96751.8
96276.2
97907.8
97481.6
0
97946.1
95976.4
98826.7
97857.5
0
99122.1
98843.1
95829.9
97747.5
98395.2
98108.8
97655.2
98491.7
97958.2
97365
97950.1
100121
97389.5
99794.6
96821.5
98003.1
99143.2
95341.1
98304.5
98609.4
96895.2
97849.1
98054
99582.9
97366.3
97446.3
97596.3
99483.4
100224
