97969.8
98111.9
98720.8
97976.2
97665.7
97027.6
98855.2
97918.3
98491.2
97823
99723.4
99362.1
0
96793.1
98108
97734.6
97804.8
0
96864.5
101336
96452.2
99080.6
0
98736.6
96601.7
98660
99280.2
98840.6
101370
98732.5
96297.7
97255.8
99685
101047
100523
99553.6
98226.9
97513.2
99342.4
94744.2
96451.9
95167.8
97230.2
99335.2
97822.1
98459
97010.4
98687.2
95734.3
98825.8
100358
98607.3
96563.7
98325.2
95377
96832.4
97826.7
97464
97645.1
98156.2
99308.1
98838.7
95660.2
97218.1
0
95880.9
98707.4
98321.3
97639.5
0
97956
97173.7
96618.4
98899.2
0
96764.6
98826
97997.4
96928.5
97327.4
97569.7
96251.8
98095.4
98230.2
97420.5
98865.3
102461
98168
96643.8
98632.8
98530.4
97762.2
96510.4
98914
97669
97856.8
98466.9
98498
98814.3
98198.2
99134.3
97645
97956.6
96478.9
94889.5
100361
97303
100624
96779.2
98052.2
97562.3
97185.9
99061.4
97695.6
97669.9
97588.6
0
98741.5
97786.8
99583.6
98826.8
0
96854.4
98349.4
100544
98493.2
0
97140.4
97666.5
94891
99400.6
97821.2
98634.6
97465.1
98274.8
98231.7
97672.3
98494.4
98895.2
99513.8
98589.9
95780.6
97083.3
98167.8
102527
96862
100514
98551.9
97210.7
98463.5
100465
97091.7
97536.5
96618.1
97161.1
99674.3
96360.7
98377.9
98467.3
97092.6
97638.5
98738.7
97800.5
96637.5
97705.8
99537.7
99748.2
98609.3
0
99348.3
97448.1
96745.1
99111.3
0
96528.7
100441
96595.8
96844.1
0
98480.8
99558.4
98303
99250.1
98815.5
98620.1
98680.4
98593.8
96122.1
98308.2
96572.2
99607.2
97716.4
99047.5
96826.3
97339.1
98829.2
96942.5
101777
97548.3
98002.4
96674.7
99055.7
99223
95670.9
97624.7
97405.9
96915.6
99130.3
99817.2
97497.2
96719.1
97366.3
99033.2
99633
94957
96444.1
96300.4
99899.3
96381.1
98474.9
0
95704.3
96463.5
98525.2
98265.7
0
97703.8
99461.4
96259.3
100528
0
96868.5
97569.2
96556.9
97656.4
96569.6
97067.2
98124.5
98579.1
99327.4
99501.9
98615.5
97043.5
97835.6
97281.6
98334.3
98419.2
95296.6
97918.1
97643.6
98848.5
95791.2
99406.6
98676.8
95044.5
98775.6
99399
96788.8
97933.5
97793.8
