10448
9575.73
9783.48
9976.55
10437.1
9622.08
9124.95
9779.24
9760.6
10123.9
9746.19
9701.42
10073.5
9624.26
9827.43
9960.95
9929.28
10214.1
9389.42
9816.21
9660.51
9391.82
9870.7
9664.87
10614.2
9778.67
9249.15
8831.05
9732.94
11833.1
10172.2
10622.1
10478.8
10066.5
9553.9
10092.9
9791.89
10170.9
10494.2
9810.48
9360.45
9404.39
10527
10708.3
9250.09
9669.96
9580.44
10245.2
8841.21
9823.22
9915.22
9322.83
10246.2
10124.8
9524.22
9548.28
9115.8
9677.12
9511.27
9541.26
9834.37
9814.45
9706.73
9611.07
9726.7
10124.3
9686.83
9770.43
9820.99
9460.29
9105.67
9559.61
9695.28
9731.31
9731.83
10024.5
9889.72
9766.3
9561.39
9467.44
9422.93
9894.84
9871.45
10045
9914.6
10498.7
9912.96
9600.91
9417.32
10376
9552.08
10201.1
9761.9
9945.8
9713.95
10328.3
10006.9
9909.9
9833.81
10507.5
9657.72
10375.3
9800.74
9482.81
10139.4
9355.26
9904.21
10335
9217.58
9665.53
10103.9
9552.67
10229.9
9964.77
10164.7
10158
10065.2
10289.5
9571.42
9764.27
10227.3
9584.23
10955.4
9860.82
9375.93
10471.6
9955.66
9838.09
9761.66
10715
9348.46
10697.2
10240.2
10501.5
10050.6
10134.9
9725.7
9778.51
9637.36
9509.48
9772.79
9442.92
10380.2
9911.72
9784.51
10430.9
9356.95
9461.86
10159.8
9950.67
9449.44
9493.54
9670.49
9387.64
10226.5
10118.8
10287.1
9445.61
10242.7
10208.5
9232.94
10473
9703.08
9545.62
9847.53
9889.83
9516.1
9430.75
9732.69
9945.29
10589
10067.9
9419.72
10071.1
9770.87
9403.47
10170.4
9664.76
10308.6
8851.52
10021.9
10365.9
9970.43
9697.48
10098.1
10283.9
9979.36
10384.2
9384.05
9951.98
9589.57
9860.81
10238.9
9898.61
10057.1
9800.58
9315.8
9484.41
9750.07
9276.6
9463.13
10010.8
9705.34
9544.95
9805.51
9555.94
9719.45
9263.88
9166.25
9919.72
9574.63
10216.4
10369.6
10553.9
10415.1
10053.3
9142.11
9527.6
9525.15
9711.69
9713.69
9626.16
10653.1
9467.43
9896.45
9684.48
9313.18
11125.8
9126.42
9103.55
10909.2
9900.42
10282.4
10035.4
9318.43
9338.12
9691.78
10073.6
9538.03
9930.98
9790.72
9868.22
10522.3
9466.49
9988.52
9645.5
9278.96
9437.35
9771.31
10696.2
10226.2
9433.25
9525.39
9594.03
10292.9
9333.47
9483.58
9749.79
9956.51
10612
9888.91
10248.5
9469.04
9897.93
10482.9
9255.1
9782.25
9577.25
9901.3
9624.4
9891.55
9612.46
9567.85
9727.25
10322
9884.93
9516.88
9208.11
9399.21
9791.34
9805.13
10100.6
9945.08
9443.26
9860.81
9774.02
9750.55
9099.15
9622.77
10530
10389
9643.38
8933.16
10681.9
9853.29
10017.2
9410.85
9809
9753.35
9976.16
10517.6
9380.61
9781.72
9863.92
10241.4
9858.53
9360.22
9413.49
10157.8
9645.93
9550.22
9182.48
9360.97
9448.8
9827.35
9789.85
9697.83
9035.31
9913.68
9682.59
9586.58
9997.3
9214.62
9814.18
10639.3
10201.9
9605.07
9446.72
9612.42
9629.5
10135.2
9267.36
9406.07
9780.74
10104.9
10234.5
9787.79
9873
9811.28
9580.99
9439.17
9873.53
9324.29
10385.6
9435.71
9621.13
9799.84
9679.29
9621.83
9475.46
9884.34
9533.96
9138.93
9799.47
9833.58
9617.54
10144.9
10255
9306.6
9401.93
9916.99
10095.6
9355.65
9482.67
8972.16
9222.25
9679.69
9254.85
9688.6
9954.07
9993.9
9596.31
9434.73
9844.54
10091.1
9591.66
10457.3
9714.7
9358.28
9801.82
9623.16
9753.86
9971.68
9645.14
10570.3
9540.07
10002.2
9633.32
9552.5
9327.73
9559.58
9813.65
10256.3
9837.71
9361.99
9908.37
9187.19
9590.28
9688.72
9978.06
9403.46
10405.7
9508.19
9481.94
9611.65
10817.6
9709.66
9758.38
9285
9175.34
9970.93
9503.61
9402.65
9757.4
9867.57
9891.88
9573.52
9609.47
9197.51
9551.85
9389.26
9960.87
10269.9
10150.7
9489.28
9927.73
10046.9
9365.4
9855.21
9893.63
9473.67
10146.4
9810.4
9589.04
9372.96
9977.6
9584.9
9785.17
9628.42
10288
9925.84
9427.38
9628.59
9821.41
9568.15
9534.98
10126.4
10240.2
9498.84
9593.77
9890.1
10037.6
9690.41
9669.41
10795.5
9291.14
9241.39
9904.86
9575.63
9794.48
9528.43
10049.7
9214.35
10112.2
10343.3
9802.85
10389
9963.21
9345.32
9542.24
9699.77
9222.04
9670.47
9091.28
9200.03
9739.77
9787.19
10648.1
9814.57
9916.24
10078.1
9348.42
10087.2
9751.25
9531.75
9812.69
9654.02
9572.82
9718.43
9820.25
10609.1
10253.2
9315.69
9682.99
9648.84
9718
9496.88
10234
9724.11
9567.61
9878.72
10041.1
10445.2
9277.35
9348.53
9423.75
9529.78
9570.85
9283.39
9865.59
9725.31
10484.3
9548.53
9606.26
9413.1
9554.25
10225.5
9315.2
10276
9262.25
9957.55
9725.5
10768.5
10153.2
9876.14
9468.03
10593.7
9539.95
10333.9
9674.63
9396.98
10768.2
9578.8
9730.54
10148.9
10278.9
9798.97
9524.55
9125.07
9691.24
9463.19
9475.47
9660.66
9804.87
9773.02
9806.48
9589.5
10036.9
10517.3
9478.28
9662.72
9189.65
9374.92
10070.5
9903.28
9870.12
10304.4
9404.18
9384.65
10508.9
9673.62
10261.5
10355.9
10042.9
9432.61
9651.69
10655.5
9670.59
9933.2
9612.64
9724.71
9213.6
10136.5
9776.62
9668.16
9947.94
9883.1
10284.9
9608.65
9459.36
9404.32
9963.8
10239.5
9246.92
9287.55
9787.58
9862.66
9519.12
9600.02
9811.99
10086.2
9768.09
10086.9
9181.57
10025.9
9450.07
9861.62
10961.2
9422.61
10035.8
9727.32
9930.83
9845.09
9973.98
10304.6
10133.6
9305.37
9753.11
9535.5
10799
9452.65
9843.85
9726.79
9787.92
10129.5
9596.1
9815.05
9623.1
10083
10145.9
9667.69
10714.4
9667.49
9475.99
9993.1
9569.35
9338.96
9035.67
9475.72
9729.63
9758.87
9671.08
9977.37
9203.73
9513.95
9411.86
9737.7
9914.19
10134.7
9444.02
9632.35
9839.77
9434.77
9390.28
9279.01
9457.34
9846.69
9655.48
9436.85
10004.6
9122.34
9885.19
9636.25
9846.68
9520.92
10313.6
10274.7
10170.9
9525.03
10148.7
11279
9124.07
9377.16
9994.42
9199.19
9643.83
9669.33
9789.55
9898.96
9308.8
9912.41
10012.4
9830.06
9941.31
9556.32
9872.72
10192
9842.63
10048
9843.45
10249.7
9842.81
9121.28
9515.01
10227.1
9605.65
10278
9706.09
9474.69
10728.4
9451.33
9953.7
9925.3
9645.41
9115.58
9431.77
9470.21
9390.3
8978.25
10030.6
9816.67
10028.6
9592.1
9717.06
9296.53
10073.2
9879.62
9435.56
10596.3
9366.95
9418.74
9558.55
9647.86
9760.85
9538.14
9308.31
9451.98
9837.17
9278.35
9509.07
10405.6
10087.6
10411.5
10040.1
10072.2
9227.72
9282.45
9635.52
9705.44
9423.28
9555.22
9153.16
10041.2
9896.21
9598.28
10039.6
9771.83
9540.72
9830.48
9768.14
9404.97
9168.31
9963.85
10146.2
9911.44
9563.66
9950.13
9431.31
9951.46
9788.11
9643.52
9625.68
9636.82
9722.61
9764.65
9979.14
10206.9
10168.4
9309.15
8924.79
10131
8892.04
10301
10078.3
9453.86
9565.81
9842.86
9779.79
9489.89
10347.2
9881.54
10324.6
9924.48
10504.3
10029.7
9080.88
9486.22
9197.58
9409.47
9529.97
9399.23
9389.76
9787.28
10162
10311.2
10640.2
9960.01
10140.2
9133.22
9079.53
9989.69
9774.21
9358.4
10537.5
9268.39
10513.7
10030.7
9977.31
9770.67
9463.57
9770.73
9838.33
9266.6
9580.11
9997.81
10001.6
9622.92
10013.8
9546.12
10558.8
9473.09
9446.85
9723.27
9830.59
9682.83
9790.76
10256.5
9261.42
10162.2
9793.37
9951.53
9571.57
9628.97
10639.2
9717.55
9588.65
9534.55
9355.64
10456.4
10013.3
10369.6
10004.7
9308.65
9622.22
9641.05
9833.76
9739.63
11621
9929.58
9911.48
9228.06
9936.87
9448.96
9778.45
9190.25
9341.3
9813.9
9744.64
9662.33
9599.97
9166.71
9908.86
10188.3
9715.32
9431.42
10154.9
9067.06
10070.3
10026.8
9681.97
9171.01
9950.12
9973.41
9512.31
9265.8
9159.21
9757.18
10967.2
9569.99
9788.94
9633.13
10217.3
9793.29
9548.98
9574.89
9956.69
9999.78
9599.54
9502.72
9674.69
9933.43
9876.32
10400.3
9796.06
9947.73
9834.95
10300.9
9831.07
9638.46
9525.58
9535.97
10023.7
9013.53
9194.36
9855.58
9418.43
9784.04
10120
9643.61
9422.47
10002.8
9828.07
10173.1
9349.15
9585.52
9102.46
9380.72
9122.32
10386.1
9859.61
9394.18
10016.7
9569.88
9488.82
10098.9
9295.72
10197.5
9978.9
9024.53
9317.18
9910.84
9487.12
10137.4
9578.98
9510.64
11292.1
10053.4
9582.77
9744.32
9083.57
9957.77
10253.3
9867.44
9784.31
9192.51
9477.14
9202.65
9815.65
9716.31
9965.87
9366.96
9776.51
10060.6
10052.5
10052.1
9281.42
10183.3
9827.62
9193.69
9871.42
9319.93
10519.3
10005.7
10569.3
9631.28
9754.57
10707.6
9481.4
9800.49
9673.92
9557.27
9718.23
9556.1
9548.48
9104.83
9994.41
9797.6
9499.14
9444.87
9862.02
9395.97
9531.21
9217.65
9181.37
9800.25
9871.93
9659.68
9656.37
9801.96
9297.73
9759.53
10162.8
10474.7
9523.01
10013
10391.5
10147.3
9753.06
9743.81
9418.14
9651.55
9975.09
9341.63
9704.02
9663.71
9715.07
10270.1
9851.55
9228.97
9810.54
9035
10052.7
9598.1
9199.53
9560.4
9470.86
9580.95
9114.28
10378.7
10192.1
9824.67
9322.33
9706.25
9592.94
9274.51
10032.6
10133.4
10093
9576.43
9634.65
10375.3
10559
9790.52
10118.1
10569.5
11199.5
9726.41
9773.2
10011.3
10505.2
9687.09
9851.96
9181
10016.8
9948.08
9771.39
9560.7
9362.66
8979.44
10228.2
9253.34
10269.6
9754.93
10018.9
9785.34
9139.13
9904.96
9896.9
10112.7
9917.06
10025.2
9469.93
10542.2
10026.1
9140.58
9777.21
9431.07
10118
10156.1
9379.39
9703.26
9897.2
10203.9
9707.45
10378.4
10023.4
9158.66
9219.57
9638.05
10179
9904.07
9377.85
9971.35
9740.73
9529.12
9923.59
10201.2
9987.21
10014.3
9663.01
9368.46
9344.43
9968.75
10157.4
10045.4
9779.67
8926.38
9495.12
10036.3
9537.15
10122.4
9705.93
9722.79
9992.6
10553.6
9858.95
9857.41
9827.37
10306.4
9285.52
9316.37
9762.15
9800
9080.42
10014
10684.7
9505.76
10142.5
10450.3
9538.91
9660.23
9630.73
10399.2
10004.8
9988.02
9111.42
9529.23
10117
9263.98
9346.66
9318.5
10014.1
10629.8
10327.9
10766.8
9382.02
9750.48
9776.01
10465.8
11034.7
10822.2
9706.2
9831.67
10093.9
9726.41
9574.09
9340.06
9674.98
9570.12
10161.9
10000.3
10366
9376.78
9747.84
9537.96
10064.7
10242.5
9933.4
10359.6
9485.18
9611.03
9158.01
9406.9
9546.72
9702.41
9412.21
9559.57
9693.12
9866.42
10254.5
10028.5
10801.9
9745.84
9886.47
10314
10059.7
9757.95
9906.94
10438.9
9766.43
9621.84
9108.71
9798.83
10070.8
9958.57
9115.26
9806.34
10700.8
10472.4
10043.5
9879.42
10097.9
9441.65
9268.45
9789.73
10547.4
9459.06
9337.78
10048.5
9132.13
9175.8
9977.8
9005.84
9271.28
9967.38
9665.08
9778.64
9885.29
10361.7
10414.2
9367.37
9578.01
9189.36
9401.8
10260.1
10208.7
9940.92
10225.6
10545.7
9264.08
10027.4
10295.2
10009.6
10171.7
10390.5
9833.56
9447.8
9493.99
10573
9468.66
9537.84
9987.04
9390.16
9686.39
9890.75
9116.78
9299.42
9795.03
9372.31
9864.55
10139.9
10043.4
9257.66
9309.15
10248.5
9742.48
10440.2
9674.82
9617.49
9472.62
10456
9738.13
9715.73
9231.95
9568.88
9600.7
10764.2
10297.1
9495.92
10507.4
9614.73
10450.4
9736.85
9872.12
9636.05
9400.37
10379.5
9517.68
8959.68
9532.46
9530
9708.46
10358.2
9745.96
9648.83
9344.97
9520.87
9534.91
10146.9
9474.75
10128.1
10478.3
10326.8
9544.11
9625.04
9743.35
9394.49
9281.08
9823.55
9230.7
10855.9
9788.45
9680.51
9378.52
10061.3
9690.02
9880.2
9762.38
9980.57
9161.75
9732.89
10049.3
10390.1
10482.1
9446.21
9806.93
9644.19
9643.72
9558.36
9261.03
9477.28
9919.57
9856.92
9619.63
10579.5
9747.62
9709.03
9733.49
9354.36
9939.49
9727.3
9918.21
10065.9
9245.39
9434.85
9670.6
10204.8
9748.95
9551.31
9710.37
10281.5
9878.36
9916.48
9419.85
10093.2
9545.83
9338.64
9446.99
9649.79
10471.9
10029.7
9462.51
10517.2
9508.1
10005.9
9522
9116.51
9385.28
9956.41
11229.8
10027.1
9309.88
10126.9
9606.23
9288.62
9386.09
10479.7
9805.5
10029.7
10040.6
9728.31
9880.23
10012.1
9695.79
10047.7
10065.9
9765.72
10242.1
9802.72
9725.44
9492.28
10667.9
9862.98
10124.8
9933.19
9416.26
9490.72
10038.4
10407.3
9834.74
9236.93
10831.6
10008
10041.8
10318.2
9598.9
9853.12
9659.34
9601.4
10573.4
9352.54
9634.36
10117.2
11565.9
9816.39
9874.95
9933.54
9607.22
9499.03
9513.29
9017.88
9515.91
9936.57
9826.84
9937.13
9365.51
10197.8
9310.85
9713.11
9762.47
9743.35
9730.09
9481.19
9969.93
10059.5
9873.38
10081.9
10032.4
9550.99
9817.74
10608
9483.43
9621.01
10422.8
10649.7
9996.07
10281.5
9777.82
9831.27
9769.88
9754.74
9946.57
9544.18
9880.49
9815.97
9825.75
9492.02
9561.58
9992.45
10468
9831.64
9924.95
10372.2
9079.06
9379.81
9667.65
9423.49
9926.42
9930.13
9619.16
9633.21
9923.24
10312.2
10036
9906.56
9285.86
9619.01
10118.4
9745.66
10434.7
10680.1
9172.22
9509.05
10362.9
9978.87
9544.14
10227.8
10001.7
10055.5
9704.91
9318.19
10365.2
9343.17
9896.07
10102.2
9434.84
9622.92
9847.81
9570.82
10053.2
10079.1
9931.82
9924.56
10365.6
9770.93
9679.93
10532
9440.3
9813.57
9732.01
9228.99
10300
9767.48
10090.7
9927.2
9917.89
9370.1
9278.54
9459.82
9985.94
9654.65
11177.5
10231.1
9600.9
9412.67
9365.45
9616.92
9267.35
9711.33
9590.62
10310.7
9854.91
9436.98
9858.48
9660
9949.28
9463.4
9677.94
9925.41
9679.97
9301.59
10320.2
9777.48
9990.71
9919.09
9239.35
9452.53
10154.1
10285.4
10200.1
9589.81
9991.53
10304.3
9911.87
9749.95
10136.3
9974.05
9276.53
9985.99
9627.29
9662.64
10247.4
9674.92
9874.66
9812.8
9711.16
9433.27
9513.65
9760.17
9718.09
9596.88
9286.25
9530.34
9036.99
9567.12
10643.9
9417.43
9800.89
10206.9
10198.9
10065.2
9565.05
9578.01
10174.7
9183.6
9362.42
9913.75
9659.88
9594.17
9734.68
9293.86
10294.7
9614.09
10003
10117.6
9872.37
9683.43
9918.77
9149.54
10211.4
10293.9
9906.94
10057.2
9490.96
10351.4
10038
9875.47
10054.4
9525.31
9668.79
10224.2
9868.27
9293.69
9651
9676.93
9591.62
10143.8
9435.96
10314.7
9609.7
9487.16
9721.96
10051.4
9345.9
9559.09
9379.63
9507.08
9481.67
9846.42
10067.7
10314.7
10045.2
9655.73
9681.07
9836.29
9431.4
9423.11
9582.58
10307.5
9856.56
9542
9362.91
9676.34
9816.9
10188.9
9405.76
10313.4
9327.63
10356
9814.12
9599.69
9241.08
9021.08
9480.61
9596.46
9917.58
9565.37
9222.38
9454.05
9943.55
9519.58
9664.44
9743.24
9117.55
9888.02
9637.47
9958.08
9582.08
9797.82
9628.51
9830.4
10321.4
9638.71
10876.2
9896.15
9424.74
9627.69
9474.4
9686.31
9623.32
9864.14
9376.33
9439.76
9511.6
9406.51
9617.06
9198.96
9761.83
9969.46
10443
10235.3
9927.61
9777.12
9656.67
10027.5
10014.3
9296.02
9089.36
9391.27
10035.3
9982.39
10150.1
9768.85
9612.89
9337.7
9300.24
9075.93
10169.9
9907.4
9631.14
10140.5
9906.27
9784.3
9524.71
9678.08
9168.86
10414
10861.7
9734.91
9745.28
9196.74
9945.97
10310.4
10038.2
9577.82
9788.17
9792.53
10648.3
9653.45
10012.2
9261.53
9427.97
9486.68
9316.14
9662.99
10288.4
9349.9
9946.56
9621.74
9605.24
9495.62
9335.56
10216.1
9876.24
9416.48
9706.17
9640.27
9610.56
10023.4
9699.54
10083.7
9127.73
9816.97
9479.92
9884.61
9886.88
10248.2
9853.08
10186.2
9915.22
10213.8
9963.33
9766.5
10029
10435.9
10259.2
9744.44
9372.13
9246.44
9369.54
9561.72
9796.63
10554.2
10140.7
9880.81
11042
9323.1
9099.12
10353.7
10090.2
9686.54
9770.84
9632.8
9891.6
9502.52
9206.91
10298.4
9377.76
9742.93
9383.43
9744.66
9933.08
10001.3
10214
9514.95
11434.1
9657.14
9575.34
9614.35
9366.02
9794.97
9769.47
9914.38
10189.2
9669.41
9335.18
9625.96
10341.4
8973.05
9975.89
9018.01
10098.3
10764.4
9436.64
9925.48
9924.77
9957.23
9514.21
9947.86
9265.48
10010.9
9769.56
9487
9654.44
9540.12
10082.1
9617.25
9474.84
9831.06
9927.98
10402.9
9835.53
10053.3
9601.89
10559.7
10046
8880.6
9658.74
9327.1
9718.47
9617.85
9422.57
9818.9
10032.4
9903.67
9198.97
9784.12
10260.5
9978.87
9307.35
10132.8
9034.16
9683.98
9922.74
9674.13
10102.3
10596.1
9730.68
10138.8
9747.89
9114.56
9165.16
10196.4
9944.6
9859.89
9529.33
9926.4
9104.19
9375.89
10808
10693.6
9935.42
9846.07
9417.85
10162.5
9463.07
9421.67
10089.8
9509.75
9766.57
10153.8
10485.5
10186
11088.4
9065.65
9735.68
9993.3
10014.1
9715.52
10386.8
9857.48
9445.27
9212.45
9990.63
9598.35
10459.4
10936
10022.4
9741.95
9679.15
9823.66
9649.39
9126.66
9840.89
9329.8
9717.42
9537.43
10612.8
10660.4
9689.65
10553.8
9913.12
9954.66
9817.05
9332.62
9611.51
10047.2
9378.57
10207
10449
9787.93
9913.65
9722.84
9044.41
9827.84
10576
9390.7
9879.28
10010.5
9899
9500.63
9516.08
10361.3
9756.9
9968.64
9582.26
10008.4
9616.37
9562.72
9891.96
9276.27
9239.79
10221.4
9618.4
9450.3
9456.2
9583.04
9340.06
9015.16
9391.71
10131.7
9578.8
10284.2
9539.39
10129.5
9552.53
9324.46
10698.6
9773.72
10332.1
9865.39
10013.3
10015.1
9812.84
9464.83
9902.29
9870.33
9398.53
9530.72
9665.89
9414.74
10153.2
8955.33
9428.57
9612.32
9352.55
9807.52
9485.87
9468.82
10062.7
9779.21
10205.6
9501.5
10061.1
9872.07
10077.1
9796.31
10736.1
9355.54
9569.71
9364.52
9297.93
9439.34
10054.6
9696.53
9964.9
9502.36
11074.1
9291.34
9286.87
9418.53
9577.6
9364.03
10780.4
9348.44
9710.55
9477.55
9621.05
9735.74
9600.88
9956.13
10199.1
9690.04
9173.2
9260.17
10068
9575.39
9487.91
9758.8
9193.4
10482.4
10139.5
10389.5
10615.4
10087.4
9935.64
11313
10463.1
9515.44
9621.62
10069.1
9819.48
9888.68
10492.7
10202.8
9619.07
9628.99
9368.06
9293.34
9660.68
